1111
2111
3111
4111
5111
6111
7111
8111
1211
2211
3211
4211
5211
6211
7211
8211
1311
2311
3311
4311
5311
6311
7311
8311
1411
2411
3411
4411
5411
6411
7411
8411
1511
2511
3511
4511
5511
6511
7511
8511
1611
2611
3611
4611
5611
6611
7611
8611
1711
2711
3711
4711
5711
6711
7711
8711
1811
2811
3811
4811
5811
6811
7811
8811
1121
2121
3121
4121
5121
6121
7121
8121
1221
2221
3221
4221
5221
6221
7221
8221
1321
2321
3321
4321
5321
6321
7321
8321
1421
2421
3421
4421
5421
6421
7421
8421
1521
2521
3521
4521
5521
6521
7521
8521
1621
2621
3621
4621
5621
6621
7621
8621
1721
2721
3721
4721
5721
6721
7721
8721
1821
2821
3821
4821
5821
6821
7821
8821
1131
2131
3131
4131
5131
6131
7131
8131
1231
2231
3231
4231
5231
6231
7231
8231
1331
2331
3331
4331
5331
6331
7331
8331
1431
2431
3431
4431
5431
6431
7431
8431
1531
2531
3531
4531
5531
6531
7531
8531
1631
2631
3631
4631
5631
6631
7631
8631
1731
2731
3731
4731
5731
6731
7731
8731
1831
2831
3831
4831
5831
6831
7831
8831
1141
2141
3141
4141
5141
6141
7141
8141
1241
2241
3241
4241
5241
6241
7241
8241
1341
2341
3341
4341
5341
6341
7341
8341
1441
2441
3441
4441
5441
6441
7441
8441
1541
2541
3541
4541
5541
6541
7541
8541
1641
2641
3641
4641
5641
6641
7641
8641
1741
2741
3741
4741
5741
6741
7741
8741
1841
2841
3841
4841
5841
6841
7841
8841
1151
2151
3151
4151
5151
6151
7151
8151
1251
2251
3251
4251
5251
6251
7251
8251
1351
2351
3351
4351
5351
6351
7351
8351
1451
2451
3451
4451
5451
6451
7451
8451
1551
2551
3551
4551
5551
6551
7551
8551
1651
2651
3651
4651
5651
6651
7651
8651
1751
2751
3751
4751
5751
6751
7751
8751
1851
2851
3851
4851
5851
6851
7851
8851
1161
2161
3161
4161
5161
6161
7161
8161
1261
2261
3261
4261
5261
6261
7261
8261
1361
2361
3361
4361
5361
6361
7361
8361
1461
2461
3461
4461
5461
6461
7461
8461
1561
2561
3561
4561
5561
6561
7561
8561
1661
2661
3661
4661
5661
6661
7661
8661
1761
2761
3761
4761
5761
6761
7761
8761
1861
2861
3861
4861
5861
6861
7861
8861
1171
2171
3171
4171
5171
6171
7171
8171
1271
2271
3271
4271
5271
6271
7271
8271
1371
2371
3371
4371
5371
6371
7371
8371
1471
2471
3471
4471
5471
6471
7471
8471
1571
2571
3571
4571
5571
6571
7571
8571
1671
2671
3671
4671
5671
6671
7671
8671
1771
2771
3771
4771
5771
6771
7771
8771
1871
2871
3871
4871
5871
6871
7871
8871
1181
2181
3181
4181
5181
6181
7181
8181
1281
2281
3281
4281
5281
6281
7281
8281
1381
2381
3381
4381
5381
6381
7381
8381
1481
2481
3481
4481
5481
6481
7481
8481
1581
2581
3581
4581
5581
6581
7581
8581
1681
2681
3681
4681
5681
6681
7681
8681
1781
2781
3781
4781
5781
6781
7781
8781
1881
2881
3881
4881
5881
6881
7881
8881
1112
2112
3112
4112
5112
6112
7112
8112
1212
2212
3212
4212
5212
6212
7212
8212
1312
2312
3312
4312
5312
6312
7312
8312
1412
2412
3412
4412
5412
6412
7412
8412
1512
2512
3512
4512
5512
6512
7512
8512
1612
2612
3612
4612
5612
6612
7612
8612
1712
2712
3712
4712
5712
6712
7712
8712
1812
2812
3812
4812
5812
6812
7812
8812
1122
2122
3122
4122
5122
6122
7122
8122
1222
2222
3222
4222
5222
6222
7222
8222
1322
2322
3322
4322
5322
6322
7322
8322
1422
2422
3422
4422
5422
6422
7422
8422
1522
2522
3522
4522
5522
6522
7522
8522
1622
2622
3622
4622
5622
6622
7622
8622
1722
2722
3722
4722
5722
6722
7722
8722
1822
2822
3822
4822
5822
6822
7822
8822
1132
2132
3132
4132
5132
6132
7132
8132
1232
2232
3232
4232
5232
6232
7232
8232
1332
2332
3332
4332
5332
6332
7332
8332
1432
2432
3432
4432
5432
6432
7432
8432
1532
2532
3532
4532
5532
6532
7532
8532
1632
2632
3632
4632
5632
6632
7632
8632
1732
2732
3732
4732
5732
6732
7732
8732
1832
2832
3832
4832
5832
6832
7832
8832
1142
2142
3142
4142
5142
6142
7142
8142
1242
2242
3242
4242
5242
6242
7242
8242
1342
2342
3342
4342
5342
6342
7342
8342
1442
2442
3442
4442
5442
6442
7442
8442
1542
2542
3542
4542
5542
6542
7542
8542
1642
2642
3642
4642
5642
6642
7642
8642
1742
2742
3742
4742
5742
6742
7742
8742
1842
2842
3842
4842
5842
6842
7842
8842
1152
2152
3152
4152
5152
6152
7152
8152
1252
2252
3252
4252
5252
6252
7252
8252
1352
2352
3352
4352
5352
6352
7352
8352
1452
2452
3452
4452
5452
6452
7452
8452
1552
2552
3552
4552
5552
6552
7552
8552
1652
2652
3652
4652
5652
6652
7652
8652
1752
2752
3752
4752
5752
6752
7752
8752
1852
2852
3852
4852
5852
6852
7852
8852
1162
2162
3162
4162
5162
6162
7162
8162
1262
2262
3262
4262
5262
6262
7262
8262
1362
2362
3362
4362
5362
6362
7362
8362
1462
2462
3462
4462
5462
6462
7462
8462
1562
2562
3562
4562
5562
6562
7562
8562
1662
2662
3662
4662
5662
6662
7662
8662
1762
2762
3762
4762
5762
6762
7762
8762
1862
2862
3862
4862
5862
6862
7862
8862
1172
2172
3172
4172
5172
6172
7172
8172
1272
2272
3272
4272
5272
6272
7272
8272
1372
2372
3372
4372
5372
6372
7372
8372
1472
2472
3472
4472
5472
6472
7472
8472
1572
2572
3572
4572
5572
6572
7572
8572
1672
2672
3672
4672
5672
6672
7672
8672
1772
2772
3772
4772
5772
6772
7772
8772
1872
2872
3872
4872
5872
6872
7872
8872
1182
2182
3182
4182
5182
6182
7182
8182
1282
2282
3282
4282
5282
6282
7282
8282
1382
2382
3382
4382
5382
6382
7382
8382
1482
2482
3482
4482
5482
6482
7482
8482
1582
2582
3582
4582
5582
6582
7582
8582
1682
2682
3682
4682
5682
6682
7682
8682
1782
2782
3782
4782
5782
6782
7782
8782
1882
2882
3882
4882
5882
6882
7882
8882
1113
2113
3113
4113
5113
6113
7113
8113
1213
2213
3213
4213
5213
6213
7213
8213
1313
2313
3313
4313
5313
6313
7313
8313
1413
2413
3413
4413
5413
6413
7413
8413
1513
2513
3513
4513
5513
6513
7513
8513
1613
2613
3613
4613
5613
6613
7613
8613
1713
2713
3713
4713
5713
6713
7713
8713
1813
2813
3813
4813
5813
6813
7813
8813
1123
2123
3123
4123
5123
6123
7123
8123
1223
2223
3223
4223
5223
6223
7223
8223
1323
2323
3323
4323
5323
6323
7323
8323
1423
2423
3423
4423
5423
6423
7423
8423
1523
2523
3523
4523
5523
6523
7523
8523
1623
2623
3623
4623
5623
6623
7623
8623
1723
2723
3723
4723
5723
6723
7723
8723
1823
2823
3823
4823
5823
6823
7823
8823
1133
2133
3133
4133
5133
6133
7133
8133
1233
2233
3233
4233
5233
6233
7233
8233
1333
2333
3333
4333
5333
6333
7333
8333
1433
2433
3433
4433
5433
6433
7433
8433
1533
2533
3533
4533
5533
6533
7533
8533
1633
2633
3633
4633
5633
6633
7633
8633
1733
2733
3733
4733
5733
6733
7733
8733
1833
2833
3833
4833
5833
6833
7833
8833
1143
2143
3143
4143
5143
6143
7143
8143
1243
2243
3243
4243
5243
6243
7243
8243
1343
2343
3343
4343
5343
6343
7343
8343
1443
2443
3443
4443
5443
6443
7443
8443
1543
2543
3543
4543
5543
6543
7543
8543
1643
2643
3643
4643
5643
6643
7643
8643
1743
2743
3743
4743
5743
6743
7743
8743
1843
2843
3843
4843
5843
6843
7843
8843
1153
2153
3153
4153
5153
6153
7153
8153
1253
2253
3253
4253
5253
6253
7253
8253
1353
2353
3353
4353
5353
6353
7353
8353
1453
2453
3453
4453
5453
6453
7453
8453
1553
2553
3553
4553
5553
6553
7553
8553
1653
2653
3653
4653
5653
6653
7653
8653
1753
2753
3753
4753
5753
6753
7753
8753
1853
2853
3853
4853
5853
6853
7853
8853
1163
2163
3163
4163
5163
6163
7163
8163
1263
2263
3263
4263
5263
6263
7263
8263
1363
2363
3363
4363
5363
6363
7363
8363
1463
2463
3463
4463
5463
6463
7463
8463
1563
2563
3563
4563
5563
6563
7563
8563
1663
2663
3663
4663
5663
6663
7663
8663
1763
2763
3763
4763
5763
6763
7763
8763
1863
2863
3863
4863
5863
6863
7863
8863
1173
2173
3173
4173
5173
6173
7173
8173
1273
2273
3273
4273
5273
6273
7273
8273
1373
2373
3373
4373
5373
6373
7373
8373
1473
2473
3473
4473
5473
6473
7473
8473
1573
2573
3573
4573
5573
6573
7573
8573
1673
2673
3673
4673
5673
6673
7673
8673
1773
2773
3773
4773
5773
6773
7773
8773
1873
2873
3873
4873
5873
6873
7873
8873
1183
2183
3183
4183
5183
6183
7183
8183
1283
2283
3283
4283
5283
6283
7283
8283
1383
2383
3383
4383
5383
6383
7383
8383
1483
2483
3483
4483
5483
6483
7483
8483
1583
2583
3583
4583
5583
6583
7583
8583
1683
2683
3683
4683
5683
6683
7683
8683
1783
2783
3783
4783
5783
6783
7783
8783
1883
2883
3883
4883
5883
6883
7883
8883
1114
2114
3114
4114
5114
6114
7114
8114
1214
2214
3214
4214
5214
6214
7214
8214
1314
2314
3314
4314
5314
6314
7314
8314
1414
2414
3414
4414
5414
6414
7414
8414
1514
2514
3514
4514
5514
6514
7514
8514
1614
2614
3614
4614
5614
6614
7614
8614
1714
2714
3714
4714
5714
6714
7714
8714
1814
2814
3814
4814
5814
6814
7814
8814
1124
2124
3124
4124
5124
6124
7124
8124
1224
2224
3224
4224
5224
6224
7224
8224
1324
2324
3324
4324
5324
6324
7324
8324
1424
2424
3424
4424
5424
6424
7424
8424
1524
2524
3524
4524
5524
6524
7524
8524
1624
2624
3624
4624
5624
6624
7624
8624
1724
2724
3724
4724
5724
6724
7724
8724
1824
2824
3824
4824
5824
6824
7824
8824
1134
2134
3134
4134
5134
6134
7134
8134
1234
2234
3234
4234
5234
6234
7234
8234
1334
2334
3334
4334
5334
6334
7334
8334
1434
2434
3434
4434
5434
6434
7434
8434
1534
2534
3534
4534
5534
6534
7534
8534
1634
2634
3634
4634
5634
6634
7634
8634
1734
2734
3734
4734
5734
6734
7734
8734
1834
2834
3834
4834
5834
6834
7834
8834
1144
2144
3144
4144
5144
6144
7144
8144
1244
2244
3244
4244
5244
6244
7244
8244
1344
2344
3344
4344
5344
6344
7344
8344
1444
2444
3444
4444
5444
6444
7444
8444
1544
2544
3544
4544
5544
6544
7544
8544
1644
2644
3644
4644
5644
6644
7644
8644
1744
2744
3744
4744
5744
6744
7744
8744
1844
2844
3844
4844
5844
6844
7844
8844
1154
2154
3154
4154
5154
6154
7154
8154
1254
2254
3254
4254
5254
6254
7254
8254
1354
2354
3354
4354
5354
6354
7354
8354
1454
2454
3454
4454
5454
6454
7454
8454
1554
2554
3554
4554
5554
6554
7554
8554
1654
2654
3654
4654
5654
6654
7654
8654
1754
2754
3754
4754
5754
6754
7754
8754
1854
2854
3854
4854
5854
6854
7854
8854
1164
2164
3164
4164
5164
6164
7164
8164
1264
2264
3264
4264
5264
6264
7264
8264
1364
2364
3364
4364
5364
6364
7364
8364
1464
2464
3464
4464
5464
6464
7464
8464
1564
2564
3564
4564
5564
6564
7564
8564
1664
2664
3664
4664
5664
6664
7664
8664
1764
2764
3764
4764
5764
6764
7764
8764
1864
2864
3864
4864
5864
6864
7864
8864
1174
2174
3174
4174
5174
6174
7174
8174
1274
2274
3274
4274
5274
6274
7274
8274
1374
2374
3374
4374
5374
6374
7374
8374
1474
2474
3474
4474
5474
6474
7474
8474
1574
2574
3574
4574
5574
6574
7574
8574
1674
2674
3674
4674
5674
6674
7674
8674
1774
2774
3774
4774
5774
6774
7774
8774
1874
2874
3874
4874
5874
6874
7874
8874
1184
2184
3184
4184
5184
6184
7184
8184
1284
2284
3284
4284
5284
6284
7284
8284
1384
2384
3384
4384
5384
6384
7384
8384
1484
2484
3484
4484
5484
6484
7484
8484
1584
2584
3584
4584
5584
6584
7584
8584
1684
2684
3684
4684
5684
6684
7684
8684
1784
2784
3784
4784
5784
6784
7784
8784
1884
2884
3884
4884
5884
6884
7884
8884
1115
2115
3115
4115
5115
6115
7115
8115
1215
2215
3215
4215
5215
6215
7215
8215
1315
2315
3315
4315
5315
6315
7315
8315
1415
2415
3415
4415
5415
6415
7415
8415
1515
2515
3515
4515
5515
6515
7515
8515
1615
2615
3615
4615
5615
6615
7615
8615
1715
2715
3715
4715
5715
6715
7715
8715
1815
2815
3815
4815
5815
6815
7815
8815
1125
2125
3125
4125
5125
6125
7125
8125
1225
2225
3225
4225
5225
6225
7225
8225
1325
2325
3325
4325
5325
6325
7325
8325
1425
2425
3425
4425
5425
6425
7425
8425
1525
2525
3525
4525
5525
6525
7525
8525
1625
2625
3625
4625
5625
6625
7625
8625
1725
2725
3725
4725
5725
6725
7725
8725
1825
2825
3825
4825
5825
6825
7825
8825
1135
2135
3135
4135
5135
6135
7135
8135
1235
2235
3235
4235
5235
6235
7235
8235
1335
2335
3335
4335
5335
6335
7335
8335
1435
2435
3435
4435
5435
6435
7435
8435
1535
2535
3535
4535
5535
6535
7535
8535
1635
2635
3635
4635
5635
6635
7635
8635
1735
2735
3735
4735
5735
6735
7735
8735
1835
2835
3835
4835
5835
6835
7835
8835
1145
2145
3145
4145
5145
6145
7145
8145
1245
2245
3245
4245
5245
6245
7245
8245
1345
2345
3345
4345
5345
6345
7345
8345
1445
2445
3445
4445
5445
6445
7445
8445
1545
2545
3545
4545
5545
6545
7545
8545
1645
2645
3645
4645
5645
6645
7645
8645
1745
2745
3745
4745
5745
6745
7745
8745
1845
2845
3845
4845
5845
6845
7845
8845
1155
2155
3155
4155
5155
6155
7155
8155
1255
2255
3255
4255
5255
6255
7255
8255
1355
2355
3355
4355
5355
6355
7355
8355
1455
2455
3455
4455
5455
6455
7455
8455
1555
2555
3555
4555
5555
6555
7555
8555
1655
2655
3655
4655
5655
6655
7655
8655
1755
2755
3755
4755
5755
6755
7755
8755
1855
2855
3855
4855
5855
6855
7855
8855
1165
2165
3165
4165
5165
6165
7165
8165
1265
2265
3265
4265
5265
6265
7265
8265
1365
2365
3365
4365
5365
6365
7365
8365
1465
2465
3465
4465
5465
6465
7465
8465
1565
2565
3565
4565
5565
6565
7565
8565
1665
2665
3665
4665
5665
6665
7665
8665
1765
2765
3765
4765
5765
6765
7765
8765
1865
2865
3865
4865
5865
6865
7865
8865
1175
2175
3175
4175
5175
6175
7175
8175
1275
2275
3275
4275
5275
6275
7275
8275
1375
2375
3375
4375
5375
6375
7375
8375
1475
2475
3475
4475
5475
6475
7475
8475
1575
2575
3575
4575
5575
6575
7575
8575
1675
2675
3675
4675
5675
6675
7675
8675
1775
2775
3775
4775
5775
6775
7775
8775
1875
2875
3875
4875
5875
6875
7875
8875
1185
2185
3185
4185
5185
6185
7185
8185
1285
2285
3285
4285
5285
6285
7285
8285
1385
2385
3385
4385
5385
6385
7385
8385
1485
2485
3485
4485
5485
6485
7485
8485
1585
2585
3585
4585
5585
6585
7585
8585
1685
2685
3685
4685
5685
6685
7685
8685
1785
2785
3785
4785
5785
6785
7785
8785
1885
2885
3885
4885
5885
6885
7885
8885
1116
2116
3116
4116
5116
6116
7116
8116
1216
2216
3216
4216
5216
6216
7216
8216
1316
2316
3316
4316
5316
6316
7316
8316
1416
2416
3416
4416
5416
6416
7416
8416
1516
2516
3516
4516
5516
6516
7516
8516
1616
2616
3616
4616
5616
6616
7616
8616
1716
2716
3716
4716
5716
6716
7716
8716
1816
2816
3816
4816
5816
6816
7816
8816
1126
2126
3126
4126
5126
6126
7126
8126
1226
2226
3226
4226
5226
6226
7226
8226
1326
2326
3326
4326
5326
6326
7326
8326
1426
2426
3426
4426
5426
6426
7426
8426
1526
2526
3526
4526
5526
6526
7526
8526
1626
2626
3626
4626
5626
6626
7626
8626
1726
2726
3726
4726
5726
6726
7726
8726
1826
2826
3826
4826
5826
6826
7826
8826
1136
2136
3136
4136
5136
6136
7136
8136
1236
2236
3236
4236
5236
6236
7236
8236
1336
2336
3336
4336
5336
6336
7336
8336
1436
2436
3436
4436
5436
6436
7436
8436
1536
2536
3536
4536
5536
6536
7536
8536
1636
2636
3636
4636
5636
6636
7636
8636
1736
2736
3736
4736
5736
6736
7736
8736
1836
2836
3836
4836
5836
6836
7836
8836
1146
2146
3146
4146
5146
6146
7146
8146
1246
2246
3246
4246
5246
6246
7246
8246
1346
2346
3346
4346
5346
6346
7346
8346
1446
2446
3446
4446
5446
6446
7446
8446
1546
2546
3546
4546
5546
6546
7546
8546
1646
2646
3646
4646
5646
6646
7646
8646
1746
2746
3746
4746
5746
6746
7746
8746
1846
2846
3846
4846
5846
6846
7846
8846
1156
2156
3156
4156
5156
6156
7156
8156
1256
2256
3256
4256
5256
6256
7256
8256
1356
2356
3356
4356
5356
6356
7356
8356
1456
2456
3456
4456
5456
6456
7456
8456
1556
2556
3556
4556
5556
6556
7556
8556
1656
2656
3656
4656
5656
6656
7656
8656
1756
2756
3756
4756
5756
6756
7756
8756
1856
2856
3856
4856
5856
6856
7856
8856
1166
2166
3166
4166
5166
6166
7166
8166
1266
2266
3266
4266
5266
6266
7266
8266
1366
2366
3366
4366
5366
6366
7366
8366
1466
2466
3466
4466
5466
6466
7466
8466
1566
2566
3566
4566
5566
6566
7566
8566
1666
2666
3666
4666
5666
6666
7666
8666
1766
2766
3766
4766
5766
6766
7766
8766
1866
2866
3866
4866
5866
6866
7866
8866
1176
2176
3176
4176
5176
6176
7176
8176
1276
2276
3276
4276
5276
6276
7276
8276
1376
2376
3376
4376
5376
6376
7376
8376
1476
2476
3476
4476
5476
6476
7476
8476
1576
2576
3576
4576
5576
6576
7576
8576
1676
2676
3676
4676
5676
6676
7676
8676
1776
2776
3776
4776
5776
6776
7776
8776
1876
2876
3876
4876
5876
6876
7876
8876
1186
2186
3186
4186
5186
6186
7186
8186
1286
2286
3286
4286
5286
6286
7286
8286
1386
2386
3386
4386
5386
6386
7386
8386
1486
2486
3486
4486
5486
6486
7486
8486
1586
2586
3586
4586
5586
6586
7586
8586
1686
2686
3686
4686
5686
6686
7686
8686
1786
2786
3786
4786
5786
6786
7786
8786
1886
2886
3886
4886
5886
6886
7886
8886
1117
2117
3117
4117
5117
6117
7117
8117
1217
2217
3217
4217
5217
6217
7217
8217
1317
2317
3317
4317
5317
6317
7317
8317
1417
2417
3417
4417
5417
6417
7417
8417
1517
2517
3517
4517
5517
6517
7517
8517
1617
2617
3617
4617
5617
6617
7617
8617
1717
2717
3717
4717
5717
6717
7717
8717
1817
2817
3817
4817
5817
6817
7817
8817
1127
2127
3127
4127
5127
6127
7127
8127
1227
2227
3227
4227
5227
6227
7227
8227
1327
2327
3327
4327
5327
6327
7327
8327
1427
2427
3427
4427
5427
6427
7427
8427
1527
2527
3527
4527
5527
6527
7527
8527
1627
2627
3627
4627
5627
6627
7627
8627
1727
2727
3727
4727
5727
6727
7727
8727
1827
2827
3827
4827
5827
6827
7827
8827
1137
2137
3137
4137
5137
6137
7137
8137
1237
2237
3237
4237
5237
6237
7237
8237
1337
2337
3337
4337
5337
6337
7337
8337
1437
2437
3437
4437
5437
6437
7437
8437
1537
2537
3537
4537
5537
6537
7537
8537
1637
2637
3637
4637
5637
6637
7637
8637
1737
2737
3737
4737
5737
6737
7737
8737
1837
2837
3837
4837
5837
6837
7837
8837
1147
2147
3147
4147
5147
6147
7147
8147
1247
2247
3247
4247
5247
6247
7247
8247
1347
2347
3347
4347
5347
6347
7347
8347
1447
2447
3447
4447
5447
6447
7447
8447
1547
2547
3547
4547
5547
6547
7547
8547
1647
2647
3647
4647
5647
6647
7647
8647
1747
2747
3747
4747
5747
6747
7747
8747
1847
2847
3847
4847
5847
6847
7847
8847
1157
2157
3157
4157
5157
6157
7157
8157
1257
2257
3257
4257
5257
6257
7257
8257
1357
2357
3357
4357
5357
6357
7357
8357
1457
2457
3457
4457
5457
6457
7457
8457
1557
2557
3557
4557
5557
6557
7557
8557
1657
2657
3657
4657
5657
6657
7657
8657
1757
2757
3757
4757
5757
6757
7757
8757
1857
2857
3857
4857
5857
6857
7857
8857
1167
2167
3167
4167
5167
6167
7167
8167
1267
2267
3267
4267
5267
6267
7267
8267
1367
2367
3367
4367
5367
6367
7367
8367
1467
2467
3467
4467
5467
6467
7467
8467
1567
2567
3567
4567
5567
6567
7567
8567
1667
2667
3667
4667
5667
6667
7667
8667
1767
2767
3767
4767
5767
6767
7767
8767
1867
2867
3867
4867
5867
6867
7867
8867
1177
2177
3177
4177
5177
6177
7177
8177
1277
2277
3277
4277
5277
6277
7277
8277
1377
2377
3377
4377
5377
6377
7377
8377
1477
2477
3477
4477
5477
6477
7477
8477
1577
2577
3577
4577
5577
6577
7577
8577
1677
2677
3677
4677
5677
6677
7677
8677
1777
2777
3777
4777
5777
6777
7777
8777
1877
2877
3877
4877
5877
6877
7877
8877
1187
2187
3187
4187
5187
6187
7187
8187
1287
2287
3287
4287
5287
6287
7287
8287
1387
2387
3387
4387
5387
6387
7387
8387
1487
2487
3487
4487
5487
6487
7487
8487
1587
2587
3587
4587
5587
6587
7587
8587
1687
2687
3687
4687
5687
6687
7687
8687
1787
2787
3787
4787
5787
6787
7787
8787
1887
2887
3887
4887
5887
6887
7887
8887
1118
2118
3118
4118
5118
6118
7118
8118
1218
2218
3218
4218
5218
6218
7218
8218
1318
2318
3318
4318
5318
6318
7318
8318
1418
2418
3418
4418
5418
6418
7418
8418
1518
2518
3518
4518
5518
6518
7518
8518
1618
2618
3618
4618
5618
6618
7618
8618
1718
2718
3718
4718
5718
6718
7718
8718
1818
2818
3818
4818
5818
6818
7818
8818
1128
2128
3128
4128
5128
6128
7128
8128
1228
2228
3228
4228
5228
6228
7228
8228
1328
2328
3328
4328
5328
6328
7328
8328
1428
2428
3428
4428
5428
6428
7428
8428
1528
2528
3528
4528
5528
6528
7528
8528
1628
2628
3628
4628
5628
6628
7628
8628
1728
2728
3728
4728
5728
6728
7728
8728
1828
2828
3828
4828
5828
6828
7828
8828
1138
2138
3138
4138
5138
6138
7138
8138
1238
2238
3238
4238
5238
6238
7238
8238
1338
2338
3338
4338
5338
6338
7338
8338
1438
2438
3438
4438
5438
6438
7438
8438
1538
2538
3538
4538
5538
6538
7538
8538
1638
2638
3638
4638
5638
6638
7638
8638
1738
2738
3738
4738
5738
6738
7738
8738
1838
2838
3838
4838
5838
6838
7838
8838
1148
2148
3148
4148
5148
6148
7148
8148
1248
2248
3248
4248
5248
6248
7248
8248
1348
2348
3348
4348
5348
6348
7348
8348
1448
2448
3448
4448
5448
6448
7448
8448
1548
2548
3548
4548
5548
6548
7548
8548
1648
2648
3648
4648
5648
6648
7648
8648
1748
2748
3748
4748
5748
6748
7748
8748
1848
2848
3848
4848
5848
6848
7848
8848
1158
2158
3158
4158
5158
6158
7158
8158
1258
2258
3258
4258
5258
6258
7258
8258
1358
2358
3358
4358
5358
6358
7358
8358
1458
2458
3458
4458
5458
6458
7458
8458
1558
2558
3558
4558
5558
6558
7558
8558
1658
2658
3658
4658
5658
6658
7658
8658
1758
2758
3758
4758
5758
6758
7758
8758
1858
2858
3858
4858
5858
6858
7858
8858
1168
2168
3168
4168
5168
6168
7168
8168
1268
2268
3268
4268
5268
6268
7268
8268
1368
2368
3368
4368
5368
6368
7368
8368
1468
2468
3468
4468
5468
6468
7468
8468
1568
2568
3568
4568
5568
6568
7568
8568
1668
2668
3668
4668
5668
6668
7668
8668
1768
2768
3768
4768
5768
6768
7768
8768
1868
2868
3868
4868
5868
6868
7868
8868
1178
2178
3178
4178
5178
6178
7178
8178
1278
2278
3278
4278
5278
6278
7278
8278
1378
2378
3378
4378
5378
6378
7378
8378
1478
2478
3478
4478
5478
6478
7478
8478
1578
2578
3578
4578
5578
6578
7578
8578
1678
2678
3678
4678
5678
6678
7678
8678
1778
2778
3778
4778
5778
6778
7778
8778
1878
2878
3878
4878
5878
6878
7878
8878
1188
2188
3188
4188
5188
6188
7188
8188
1288
2288
3288
4288
5288
6288
7288
8288
1388
2388
3388
4388
5388
6388
7388
8388
1488
2488
3488
4488
5488
6488
7488
8488
1588
2588
3588
4588
5588
6588
7588
8588
1688
2688
3688
4688
5688
6688
7688
8688
1788
2788
3788
4788
5788
6788
7788
8788
1888
2888
3888
4888
5888
6888
7888
8888
